(kicad_pcb (version 20171130) (host pcbnew "(5.1.9)-1")

  (general
    (thickness 1.6)
    (drawings 13)
    (tracks 56)
    (zones 0)
    (modules 21)
    (nets 9)
  )

  (page A4)
  (layers
    (0 F.Cu signal)
    (31 B.Cu signal)
    (32 B.Adhes user)
    (33 F.Adhes user)
    (34 B.Paste user)
    (35 F.Paste user)
    (36 B.SilkS user)
    (37 F.SilkS user)
    (38 B.Mask user)
    (39 F.Mask user)
    (40 Dwgs.User user)
    (41 Cmts.User user)
    (42 Eco1.User user)
    (43 Eco2.User user)
    (44 Edge.Cuts user)
    (45 Margin user)
    (46 B.CrtYd user)
    (47 F.CrtYd user)
    (48 B.Fab user hide)
    (49 F.Fab user hide)
  )

  (setup
    (last_trace_width 0.25)
    (user_trace_width 0.4)
    (user_trace_width 0.45)
    (user_trace_width 0.5)
    (user_trace_width 0.55)
    (user_trace_width 0.6)
    (user_trace_width 0.7)
    (user_trace_width 0.8)
    (trace_clearance 0.2)
    (zone_clearance 0)
    (zone_45_only no)
    (trace_min 0.2)
    (via_size 0.8)
    (via_drill 0.4)
    (via_min_size 0.4)
    (via_min_drill 0.3)
    (user_via 1.5 0.8)
    (user_via 2 1)
    (uvia_size 0.3)
    (uvia_drill 0.1)
    (uvias_allowed no)
    (uvia_min_size 0.2)
    (uvia_min_drill 0.1)
    (edge_width 0.05)
    (segment_width 0.2)
    (pcb_text_width 0.3)
    (pcb_text_size 1.5 1.5)
    (mod_edge_width 0.12)
    (mod_text_size 0.6 0.6)
    (mod_text_width 0.15)
    (pad_size 0.8 0.8)
    (pad_drill 0.5)
    (pad_to_mask_clearance 0)
    (aux_axis_origin 142.2 137.3)
    (grid_origin 142.2 137.3)
    (visible_elements 7FFFFF7F)
    (pcbplotparams
      (layerselection 0x010fc_ffffffff)
      (usegerberextensions true)
      (usegerberattributes true)
      (usegerberadvancedattributes false)
      (creategerberjobfile true)
      (excludeedgelayer true)
      (linewidth 0.254000)
      (plotframeref false)
      (viasonmask false)
      (mode 1)
      (useauxorigin true)
      (hpglpennumber 1)
      (hpglpenspeed 20)
      (hpglpendiameter 15.000000)
      (psnegative false)
      (psa4output false)
      (plotreference true)
      (plotvalue true)
      (plotinvisibletext false)
      (padsonsilk false)
      (subtractmaskfromsilk false)
      (outputformat 1)
      (mirror false)
      (drillshape 0)
      (scaleselection 1)
      (outputdirectory "gerber/20210204_gerber/"))
  )

  (net 0 "")
  (net 1 +12V)
  (net 2 GND)
  (net 3 VBUS)
  (net 4 "Net-(R101-Pad1)")
  (net 5 /CATHODE)
  (net 6 "Net-(Q101-Pad1)")
  (net 7 "Net-(R104-Pad1)")
  (net 8 "Net-(R105-Pad1)")

  (net_class Default "This is the default net class."
    (clearance 0.2)
    (trace_width 0.25)
    (via_dia 0.8)
    (via_drill 0.4)
    (uvia_dia 0.3)
    (uvia_drill 0.1)
    (add_net +12V)
    (add_net /CATHODE)
    (add_net GND)
    (add_net "Net-(Q101-Pad1)")
    (add_net "Net-(R101-Pad1)")
    (add_net "Net-(R104-Pad1)")
    (add_net "Net-(R105-Pad1)")
    (add_net VBUS)
  )

  (module ThermalJumper:THJP0612AST1 (layer F.Cu) (tedit 601AE2F9) (tstamp 601C30D6)
    (at 158.35 133.4 180)
    (path /60131AC3)
    (fp_text reference R102 (at 0 -0.025 180) (layer F.SilkS)
      (effects (font (size 0.6 0.6) (thickness 0.15)))
    )
    (fp_text value THJP0612AST1 (at 0 -6.35) (layer F.Fab)
      (effects (font (size 1 1) (thickness 0.15)))
    )
    (fp_line (start -1.7145 -1.27) (end -1.7145 1.27) (layer F.SilkS) (width 0.15))
    (fp_line (start -1.7145 1.27) (end 1.5875 1.27) (layer F.SilkS) (width 0.15))
    (fp_line (start 1.651 1.27) (end 1.7145 1.27) (layer F.SilkS) (width 0.15))
    (fp_line (start 1.7145 1.27) (end 1.7145 -1.27) (layer F.SilkS) (width 0.15))
    (fp_line (start 1.7145 -1.27) (end -1.7145 -1.27) (layer F.SilkS) (width 0.15))
    (pad 2 smd rect (at 0 0.9906 270) (size 0.5 3.2004) (layers F.Cu F.Paste F.Mask)
      (net 5 /CATHODE))
    (pad 1 smd rect (at 0 -0.9906 270) (size 0.5 3.2004) (layers F.Cu F.Paste F.Mask)
      (net 2 GND))
  )

  (module ThermalJumper:THJP0612AST1 (layer F.Cu) (tedit 601AE2F9) (tstamp 60068B80)
    (at 162.2 133.4 180)
    (path /601335A3)
    (fp_text reference R103 (at 0 0 180) (layer F.SilkS)
      (effects (font (size 0.6 0.6) (thickness 0.15)))
    )
    (fp_text value THJP0612AST1 (at 0 -6.35) (layer F.Fab)
      (effects (font (size 1 1) (thickness 0.15)))
    )
    (fp_line (start -1.7145 -1.27) (end -1.7145 1.27) (layer F.SilkS) (width 0.15))
    (fp_line (start -1.7145 1.27) (end 1.5875 1.27) (layer F.SilkS) (width 0.15))
    (fp_line (start 1.651 1.27) (end 1.7145 1.27) (layer F.SilkS) (width 0.15))
    (fp_line (start 1.7145 1.27) (end 1.7145 -1.27) (layer F.SilkS) (width 0.15))
    (fp_line (start 1.7145 -1.27) (end -1.7145 -1.27) (layer F.SilkS) (width 0.15))
    (pad 2 smd rect (at 0 0.9906 270) (size 0.5 3.2004) (layers F.Cu F.Paste F.Mask)
      (net 5 /CATHODE))
    (pad 1 smd rect (at 0 -0.9906 270) (size 0.5 3.2004) (layers F.Cu F.Paste F.Mask)
      (net 2 GND))
  )

  (module ThermalJumper:THJP0612AST1 (layer F.Cu) (tedit 601AE2F9) (tstamp 601C1CF8)
    (at 154.5 133.4 180)
    (path /601D382C)
    (fp_text reference R106 (at 0 0) (layer F.SilkS)
      (effects (font (size 0.6 0.6) (thickness 0.15)))
    )
    (fp_text value THJP0612AST1 (at 0 -6.35) (layer F.Fab)
      (effects (font (size 1 1) (thickness 0.15)))
    )
    (fp_line (start -1.7145 -1.27) (end -1.7145 1.27) (layer F.SilkS) (width 0.15))
    (fp_line (start -1.7145 1.27) (end 1.5875 1.27) (layer F.SilkS) (width 0.15))
    (fp_line (start 1.651 1.27) (end 1.7145 1.27) (layer F.SilkS) (width 0.15))
    (fp_line (start 1.7145 1.27) (end 1.7145 -1.27) (layer F.SilkS) (width 0.15))
    (fp_line (start 1.7145 -1.27) (end -1.7145 -1.27) (layer F.SilkS) (width 0.15))
    (pad 2 smd rect (at 0 0.9906 270) (size 0.5 3.2004) (layers F.Cu F.Paste F.Mask)
      (net 5 /CATHODE))
    (pad 1 smd rect (at 0 -0.9906 270) (size 0.5 3.2004) (layers F.Cu F.Paste F.Mask)
      (net 2 GND))
  )

  (module Passives:C_0603_Handsolder (layer F.Cu) (tedit 5B301BBE) (tstamp 60068B01)
    (at 156.8 115.85 180)
    (descr "Capacitor SMD 0603 (1608 Metric), square (rectangular) end terminal, IPC_7351 nominal with elongated pad for handsoldering. (Body size source: http://www.tortai-tech.com/upload/download/2011102023233369053.pdf), generated with kicad-footprint-generator")
    (tags "capacitor handsolder")
    (path /5FCB777A)
    (attr smd)
    (fp_text reference C101 (at -3 0.4) (layer F.SilkS)
      (effects (font (size 0.6 0.6) (thickness 0.15)))
    )
    (fp_text value CL10X106MO8NRNC (at 0 1.43) (layer F.Fab)
      (effects (font (size 1 1) (thickness 0.15)))
    )
    (fp_line (start 1.65 0.73) (end -1.65 0.73) (layer F.CrtYd) (width 0.05))
    (fp_line (start 1.65 -0.73) (end 1.65 0.73) (layer F.CrtYd) (width 0.05))
    (fp_line (start -1.65 -0.73) (end 1.65 -0.73) (layer F.CrtYd) (width 0.05))
    (fp_line (start -1.65 0.73) (end -1.65 -0.73) (layer F.CrtYd) (width 0.05))
    (fp_line (start -0.171267 0.51) (end 0.171267 0.51) (layer F.SilkS) (width 0.12))
    (fp_line (start -0.171267 -0.51) (end 0.171267 -0.51) (layer F.SilkS) (width 0.12))
    (fp_line (start 0.8 0.4) (end -0.8 0.4) (layer F.Fab) (width 0.15))
    (fp_line (start 0.8 -0.4) (end 0.8 0.4) (layer F.Fab) (width 0.15))
    (fp_line (start -0.8 -0.4) (end 0.8 -0.4) (layer F.Fab) (width 0.15))
    (fp_line (start -0.8 0.4) (end -0.8 -0.4) (layer F.Fab) (width 0.15))
    (fp_text user %R (at 0 0) (layer F.Fab)
      (effects (font (size 1 1) (thickness 0.15)))
    )
    (pad 1 smd roundrect (at -0.875 0 180) (size 1.05 0.95) (layers F.Cu F.Paste F.Mask) (roundrect_rratio 0.25)
      (net 1 +12V))
    (pad 2 smd roundrect (at 0.875 0 180) (size 1.05 0.95) (layers F.Cu F.Paste F.Mask) (roundrect_rratio 0.25)
      (net 2 GND))
    (model ${KISYS3DMOD}/Capacitor_SMD.3dshapes/C_0603_1608Metric.wrl
      (at (xyz 0 0 0))
      (scale (xyz 1 1 1))
      (rotate (xyz 0 0 0))
    )
  )

  (module Passives:C_0603_Handsolder (layer F.Cu) (tedit 5B301BBE) (tstamp 60068B12)
    (at 154.2 113.4 270)
    (descr "Capacitor SMD 0603 (1608 Metric), square (rectangular) end terminal, IPC_7351 nominal with elongated pad for handsoldering. (Body size source: http://www.tortai-tech.com/upload/download/2011102023233369053.pdf), generated with kicad-footprint-generator")
    (tags "capacitor handsolder")
    (path /5FCBA4E4)
    (attr smd)
    (fp_text reference C102 (at -0.7 1.2 270) (layer F.SilkS)
      (effects (font (size 0.6 0.6) (thickness 0.15)))
    )
    (fp_text value CL10A105KB8NNNC (at 0 1.43 90) (layer F.Fab)
      (effects (font (size 1 1) (thickness 0.15)))
    )
    (fp_line (start -0.8 0.4) (end -0.8 -0.4) (layer F.Fab) (width 0.15))
    (fp_line (start -0.8 -0.4) (end 0.8 -0.4) (layer F.Fab) (width 0.15))
    (fp_line (start 0.8 -0.4) (end 0.8 0.4) (layer F.Fab) (width 0.15))
    (fp_line (start 0.8 0.4) (end -0.8 0.4) (layer F.Fab) (width 0.15))
    (fp_line (start -0.171267 -0.51) (end 0.171267 -0.51) (layer F.SilkS) (width 0.12))
    (fp_line (start -0.171267 0.51) (end 0.171267 0.51) (layer F.SilkS) (width 0.12))
    (fp_line (start -1.65 0.73) (end -1.65 -0.73) (layer F.CrtYd) (width 0.05))
    (fp_line (start -1.65 -0.73) (end 1.65 -0.73) (layer F.CrtYd) (width 0.05))
    (fp_line (start 1.65 -0.73) (end 1.65 0.73) (layer F.CrtYd) (width 0.05))
    (fp_line (start 1.65 0.73) (end -1.65 0.73) (layer F.CrtYd) (width 0.05))
    (fp_text user %R (at 0 0 90) (layer F.Fab)
      (effects (font (size 1 1) (thickness 0.15)))
    )
    (pad 2 smd roundrect (at 0.875 0 270) (size 1.05 0.95) (layers F.Cu F.Paste F.Mask) (roundrect_rratio 0.25)
      (net 2 GND))
    (pad 1 smd roundrect (at -0.875 0 270) (size 1.05 0.95) (layers F.Cu F.Paste F.Mask) (roundrect_rratio 0.25)
      (net 3 VBUS))
    (model ${KISYS3DMOD}/Capacitor_SMD.3dshapes/C_0603_1608Metric.wrl
      (at (xyz 0 0 0))
      (scale (xyz 1 1 1))
      (rotate (xyz 0 0 0))
    )
  )

  (module Passives:C_0603_Handsolder (layer F.Cu) (tedit 5B301BBE) (tstamp 60068B23)
    (at 159.6 117.65 270)
    (descr "Capacitor SMD 0603 (1608 Metric), square (rectangular) end terminal, IPC_7351 nominal with elongated pad for handsoldering. (Body size source: http://www.tortai-tech.com/upload/download/2011102023233369053.pdf), generated with kicad-footprint-generator")
    (tags "capacitor handsolder")
    (path /5FCA8D3D)
    (attr smd)
    (fp_text reference C103 (at 0 -1.4 270) (layer F.SilkS)
      (effects (font (size 0.6 0.6) (thickness 0.15)))
    )
    (fp_text value C0603C104K5RACAUTO (at 0 1.43 90) (layer F.Fab)
      (effects (font (size 1 1) (thickness 0.15)))
    )
    (fp_line (start 1.65 0.73) (end -1.65 0.73) (layer F.CrtYd) (width 0.05))
    (fp_line (start 1.65 -0.73) (end 1.65 0.73) (layer F.CrtYd) (width 0.05))
    (fp_line (start -1.65 -0.73) (end 1.65 -0.73) (layer F.CrtYd) (width 0.05))
    (fp_line (start -1.65 0.73) (end -1.65 -0.73) (layer F.CrtYd) (width 0.05))
    (fp_line (start -0.171267 0.51) (end 0.171267 0.51) (layer F.SilkS) (width 0.12))
    (fp_line (start -0.171267 -0.51) (end 0.171267 -0.51) (layer F.SilkS) (width 0.12))
    (fp_line (start 0.8 0.4) (end -0.8 0.4) (layer F.Fab) (width 0.15))
    (fp_line (start 0.8 -0.4) (end 0.8 0.4) (layer F.Fab) (width 0.15))
    (fp_line (start -0.8 -0.4) (end 0.8 -0.4) (layer F.Fab) (width 0.15))
    (fp_line (start -0.8 0.4) (end -0.8 -0.4) (layer F.Fab) (width 0.15))
    (fp_text user %R (at 0 0 90) (layer F.Fab)
      (effects (font (size 1 1) (thickness 0.15)))
    )
    (pad 1 smd roundrect (at -0.875 0 270) (size 1.05 0.95) (layers F.Cu F.Paste F.Mask) (roundrect_rratio 0.25)
      (net 1 +12V))
    (pad 2 smd roundrect (at 0.875 0 270) (size 1.05 0.95) (layers F.Cu F.Paste F.Mask) (roundrect_rratio 0.25)
      (net 2 GND))
    (model ${KISYS3DMOD}/Capacitor_SMD.3dshapes/C_0603_1608Metric.wrl
      (at (xyz 0 0 0))
      (scale (xyz 1 1 1))
      (rotate (xyz 0 0 0))
    )
  )

  (module Passives:R_0603_Handsolder (layer F.Cu) (tedit 5B301BBD) (tstamp 60068B6A)
    (at 153.3 115.85 180)
    (descr "Resistor SMD 0603 (1608 Metric), square (rectangular) end terminal, IPC_7351 nominal with elongated pad for handsoldering. (Body size source: http://www.tortai-tech.com/upload/download/2011102023233369053.pdf), generated with kicad-footprint-generator")
    (tags "resistor handsolder")
    (path /6050A967)
    (attr smd)
    (fp_text reference R101 (at 0.8 -1.3) (layer F.SilkS)
      (effects (font (size 0.6 0.6) (thickness 0.15)))
    )
    (fp_text value RC0603FR-0716RL (at 0 1.43) (layer F.Fab)
      (effects (font (size 1 1) (thickness 0.15)))
    )
    (fp_line (start 1.65 0.73) (end -1.65 0.73) (layer F.CrtYd) (width 0.05))
    (fp_line (start 1.65 -0.73) (end 1.65 0.73) (layer F.CrtYd) (width 0.05))
    (fp_line (start -1.65 -0.73) (end 1.65 -0.73) (layer F.CrtYd) (width 0.05))
    (fp_line (start -1.65 0.73) (end -1.65 -0.73) (layer F.CrtYd) (width 0.05))
    (fp_line (start -0.171267 0.51) (end 0.171267 0.51) (layer F.SilkS) (width 0.12))
    (fp_line (start -0.171267 -0.51) (end 0.171267 -0.51) (layer F.SilkS) (width 0.12))
    (fp_line (start 0.8 0.4) (end -0.8 0.4) (layer F.Fab) (width 0.15))
    (fp_line (start 0.8 -0.4) (end 0.8 0.4) (layer F.Fab) (width 0.15))
    (fp_line (start -0.8 -0.4) (end 0.8 -0.4) (layer F.Fab) (width 0.15))
    (fp_line (start -0.8 0.4) (end -0.8 -0.4) (layer F.Fab) (width 0.15))
    (fp_text user %R (at 0 0) (layer F.Fab)
      (effects (font (size 1 1) (thickness 0.15)))
    )
    (pad 1 smd roundrect (at -0.875 0 180) (size 1.05 0.95) (layers F.Cu F.Paste F.Mask) (roundrect_rratio 0.25)
      (net 4 "Net-(R101-Pad1)"))
    (pad 2 smd roundrect (at 0.875 0 180) (size 1.05 0.95) (layers F.Cu F.Paste F.Mask) (roundrect_rratio 0.25)
      (net 6 "Net-(Q101-Pad1)"))
    (model ${KISYS3DMOD}/Resistor_SMD.3dshapes/R_0603_1608Metric.wrl
      (at (xyz 0 0 0))
      (scale (xyz 1 1 1))
      (rotate (xyz 0 0 0))
    )
  )

  (module SOT:SOT-23-3 (layer F.Cu) (tedit 58CE4E7E) (tstamp 60068B95)
    (at 156.8 113.35 90)
    (descr "SOT-23, Standard")
    (tags SOT-23)
    (path /5FCAB92B)
    (attr smd)
    (fp_text reference U101 (at 0.4 2.2 90) (layer F.SilkS)
      (effects (font (size 0.6 0.6) (thickness 0.15)))
    )
    (fp_text value ZXTR2112F-7 (at 0 2.5 90) (layer F.Fab)
      (effects (font (size 1 1) (thickness 0.15)))
    )
    (fp_line (start 0.76 1.58) (end -0.7 1.58) (layer F.SilkS) (width 0.12))
    (fp_line (start 0.76 -1.58) (end -1.4 -1.58) (layer F.SilkS) (width 0.12))
    (fp_line (start -1.7 1.75) (end -1.7 -1.75) (layer F.CrtYd) (width 0.05))
    (fp_line (start 1.7 1.75) (end -1.7 1.75) (layer F.CrtYd) (width 0.05))
    (fp_line (start 1.7 -1.75) (end 1.7 1.75) (layer F.CrtYd) (width 0.05))
    (fp_line (start -1.7 -1.75) (end 1.7 -1.75) (layer F.CrtYd) (width 0.05))
    (fp_line (start 0.76 -1.58) (end 0.76 -0.65) (layer F.SilkS) (width 0.12))
    (fp_line (start 0.76 1.58) (end 0.76 0.65) (layer F.SilkS) (width 0.12))
    (fp_line (start -0.7 1.52) (end 0.7 1.52) (layer F.Fab) (width 0.15))
    (fp_line (start 0.7 -1.52) (end 0.7 1.52) (layer F.Fab) (width 0.15))
    (fp_line (start -0.7 -0.95) (end -0.15 -1.52) (layer F.Fab) (width 0.15))
    (fp_line (start -0.15 -1.52) (end 0.7 -1.52) (layer F.Fab) (width 0.15))
    (fp_line (start -0.7 -0.95) (end -0.7 1.5) (layer F.Fab) (width 0.15))
    (fp_text user %R (at 0 0) (layer F.Fab)
      (effects (font (size 1 1) (thickness 0.15)))
    )
    (pad 1 smd rect (at -1 -0.95 90) (size 0.9 0.8) (layers F.Cu F.Paste F.Mask)
      (net 2 GND))
    (pad 2 smd rect (at -1 0.95 90) (size 0.9 0.8) (layers F.Cu F.Paste F.Mask)
      (net 1 +12V))
    (pad 3 smd rect (at 1 0 90) (size 0.9 0.8) (layers F.Cu F.Paste F.Mask)
      (net 3 VBUS))
    (model SOT.3dshapes/SOT-23-3.wrl
      (at (xyz 0 0 0))
      (scale (xyz 1 1 1))
      (rotate (xyz 0 0 0))
    )
  )

  (module SOT:SOT-23-5_HandSoldering (layer F.Cu) (tedit 58CE4E7E) (tstamp 60068BAA)
    (at 156.4 118.55)
    (descr "5-pin SOT23 package")
    (tags "SOT-23-5 hand-soldering")
    (path /600DE099)
    (attr smd)
    (fp_text reference U102 (at -2.8 0.6 270) (layer F.SilkS)
      (effects (font (size 0.6 0.6) (thickness 0.15)))
    )
    (fp_text value MCP6V51T-E_OT (at 0 2.9) (layer F.Fab)
      (effects (font (size 1 1) (thickness 0.15)))
    )
    (fp_line (start 2.38 1.8) (end -2.38 1.8) (layer F.CrtYd) (width 0.05))
    (fp_line (start 2.38 1.8) (end 2.38 -1.8) (layer F.CrtYd) (width 0.05))
    (fp_line (start -2.38 -1.8) (end -2.38 1.8) (layer F.CrtYd) (width 0.05))
    (fp_line (start -2.38 -1.8) (end 2.38 -1.8) (layer F.CrtYd) (width 0.05))
    (fp_line (start 0.9 -1.55) (end 0.9 1.55) (layer F.Fab) (width 0.15))
    (fp_line (start 0.9 1.55) (end -0.9 1.55) (layer F.Fab) (width 0.15))
    (fp_line (start -0.9 -0.9) (end -0.9 1.55) (layer F.Fab) (width 0.15))
    (fp_line (start 0.9 -1.55) (end -0.25 -1.55) (layer F.Fab) (width 0.15))
    (fp_line (start -0.9 -0.9) (end -0.25 -1.55) (layer F.Fab) (width 0.15))
    (fp_line (start 0.9 -1.61) (end -1.55 -1.61) (layer F.SilkS) (width 0.12))
    (fp_line (start -0.9 1.61) (end 0.9 1.61) (layer F.SilkS) (width 0.12))
    (fp_text user %R (at 0 0 90) (layer F.Fab)
      (effects (font (size 1 1) (thickness 0.15)))
    )
    (pad 1 smd rect (at -1.35 -0.95) (size 1.56 0.65) (layers F.Cu F.Paste F.Mask)
      (net 4 "Net-(R101-Pad1)"))
    (pad 2 smd rect (at -1.35 0) (size 1.56 0.65) (layers F.Cu F.Paste F.Mask)
      (net 2 GND))
    (pad 3 smd rect (at -1.35 0.95) (size 1.56 0.65) (layers F.Cu F.Paste F.Mask)
      (net 7 "Net-(R104-Pad1)"))
    (pad 4 smd rect (at 1.35 0.95) (size 1.56 0.65) (layers F.Cu F.Paste F.Mask)
      (net 8 "Net-(R105-Pad1)"))
    (pad 5 smd rect (at 1.35 -0.95) (size 1.56 0.65) (layers F.Cu F.Paste F.Mask)
      (net 1 +12V))
    (model SOT.3dshapes/SOT-23-5.wrl
      (at (xyz 0 0 0))
      (scale (xyz 1 1 1))
      (rotate (xyz 0 0 0))
    )
  )

  (module MountingHoles_sg:MountingHole_2.5mm_Pad_Via (layer F.Cu) (tedit 6008FBDA) (tstamp 600907F3)
    (at 145.2 135)
    (descr "Mounting Hole 2.5mm")
    (tags "mounting hole 2.5mm")
    (path /600A49C1)
    (attr virtual)
    (fp_text reference P105 (at -3.25 -2.25) (layer F.SilkS) hide
      (effects (font (size 0.6 0.6) (thickness 0.15)))
    )
    (fp_text value MH_1POS_2.5MM (at 0 3.5) (layer F.Fab)
      (effects (font (size 1 1) (thickness 0.15)))
    )
    (fp_circle (center 0 0) (end 2.075 0) (layer F.CrtYd) (width 0.05))
    (fp_circle (center 0 0) (end 2.05 0) (layer Cmts.User) (width 0.15))
    (fp_text user %R (at 0.3 0) (layer F.Fab)
      (effects (font (size 1 1) (thickness 0.15)))
    )
    (pad 1 thru_hole circle (at 1.2065 -1.143) (size 0.8 0.8) (drill 0.5) (layers *.Cu *.Mask)
      (net 2 GND))
    (pad 1 thru_hole circle (at 0 -1.651) (size 0.8 0.8) (drill 0.5) (layers *.Cu *.Mask)
      (net 2 GND))
    (pad 1 thru_hole circle (at -1.143 -1.2065) (size 0.8 0.8) (drill 0.5) (layers *.Cu *.Mask)
      (net 2 GND))
    (pad 1 thru_hole circle (at -1.651 0) (size 0.8 0.8) (drill 0.5) (layers *.Cu *.Mask)
      (net 2 GND))
    (pad 1 thru_hole circle (at -1.143 1.2065) (size 0.8 0.8) (drill 0.5) (layers *.Cu *.Mask)
      (net 2 GND))
    (pad 1 thru_hole circle (at 0 1.651) (size 0.8 0.8) (drill 0.5) (layers *.Cu *.Mask)
      (net 2 GND))
    (pad 1 thru_hole circle (at 1.143 1.2065) (size 0.8 0.8) (drill 0.5) (layers *.Cu *.Mask)
      (net 2 GND))
    (pad 1 thru_hole circle (at 1.651 0) (size 0.8 0.8) (drill 0.5) (layers *.Cu *.Mask)
      (net 2 GND))
    (pad 1 thru_hole circle (at 0 0) (size 4 4) (drill 2.5) (layers *.Cu *.Mask)
      (net 2 GND))
  )

  (module MountingHoles_sg:MountingHole_2.5mm_Pad_Via (layer F.Cu) (tedit 6008FBDA) (tstamp 60090803)
    (at 167.7 135)
    (descr "Mounting Hole 2.5mm")
    (tags "mounting hole 2.5mm")
    (path /600A65C1)
    (attr virtual)
    (fp_text reference P106 (at 0 -3.5) (layer F.SilkS) hide
      (effects (font (size 0.6 0.6) (thickness 0.15)))
    )
    (fp_text value MH_1POS_2.5MM (at 0 3.5) (layer F.Fab)
      (effects (font (size 1 1) (thickness 0.15)))
    )
    (fp_circle (center 0 0) (end 2.05 0) (layer Cmts.User) (width 0.15))
    (fp_circle (center 0 0) (end 2.075 0) (layer F.CrtYd) (width 0.05))
    (fp_text user %R (at 0.3 0) (layer F.Fab)
      (effects (font (size 1 1) (thickness 0.15)))
    )
    (pad 1 thru_hole circle (at 0 0) (size 4 4) (drill 2.5) (layers *.Cu *.Mask)
      (net 2 GND))
    (pad 1 thru_hole circle (at 1.651 0) (size 0.8 0.8) (drill 0.5) (layers *.Cu *.Mask)
      (net 2 GND))
    (pad 1 thru_hole circle (at 1.143 1.2065) (size 0.8 0.8) (drill 0.5) (layers *.Cu *.Mask)
      (net 2 GND))
    (pad 1 thru_hole circle (at 0 1.651) (size 0.8 0.8) (drill 0.5) (layers *.Cu *.Mask)
      (net 2 GND))
    (pad 1 thru_hole circle (at -1.143 1.2065) (size 0.8 0.8) (drill 0.5) (layers *.Cu *.Mask)
      (net 2 GND))
    (pad 1 thru_hole circle (at -1.651 0) (size 0.8 0.8) (drill 0.5) (layers *.Cu *.Mask)
      (net 2 GND))
    (pad 1 thru_hole circle (at -1.143 -1.2065) (size 0.8 0.8) (drill 0.5) (layers *.Cu *.Mask)
      (net 2 GND))
    (pad 1 thru_hole circle (at 0 -1.651) (size 0.8 0.8) (drill 0.5) (layers *.Cu *.Mask)
      (net 2 GND))
    (pad 1 thru_hole circle (at 1.2065 -1.143) (size 0.8 0.8) (drill 0.5) (layers *.Cu *.Mask)
      (net 2 GND))
  )

  (module SOT:SOT-23-3 (layer F.Cu) (tedit 58CE4E7E) (tstamp 601AE412)
    (at 150.8 113.35 90)
    (descr "SOT-23, Standard")
    (tags SOT-23)
    (path /601B05BE)
    (attr smd)
    (fp_text reference D101 (at 0 -2.5 90) (layer F.SilkS)
      (effects (font (size 0.6 0.6) (thickness 0.15)))
    )
    (fp_text value DESD34VS2SO (at 0 2.5 90) (layer F.Fab)
      (effects (font (size 1 1) (thickness 0.15)))
    )
    (fp_line (start -0.7 -0.95) (end -0.7 1.5) (layer F.Fab) (width 0.15))
    (fp_line (start -0.15 -1.52) (end 0.7 -1.52) (layer F.Fab) (width 0.15))
    (fp_line (start -0.7 -0.95) (end -0.15 -1.52) (layer F.Fab) (width 0.15))
    (fp_line (start 0.7 -1.52) (end 0.7 1.52) (layer F.Fab) (width 0.15))
    (fp_line (start -0.7 1.52) (end 0.7 1.52) (layer F.Fab) (width 0.15))
    (fp_line (start 0.76 1.58) (end 0.76 0.65) (layer F.SilkS) (width 0.12))
    (fp_line (start 0.76 -1.58) (end 0.76 -0.65) (layer F.SilkS) (width 0.12))
    (fp_line (start -1.7 -1.75) (end 1.7 -1.75) (layer F.CrtYd) (width 0.05))
    (fp_line (start 1.7 -1.75) (end 1.7 1.75) (layer F.CrtYd) (width 0.05))
    (fp_line (start 1.7 1.75) (end -1.7 1.75) (layer F.CrtYd) (width 0.05))
    (fp_line (start -1.7 1.75) (end -1.7 -1.75) (layer F.CrtYd) (width 0.05))
    (fp_line (start 0.76 -1.58) (end -1.4 -1.58) (layer F.SilkS) (width 0.12))
    (fp_line (start 0.76 1.58) (end -0.7 1.58) (layer F.SilkS) (width 0.12))
    (fp_text user %R (at 0 0) (layer F.Fab)
      (effects (font (size 1 1) (thickness 0.15)))
    )
    (pad 1 smd rect (at -1 -0.95 90) (size 0.9 0.8) (layers F.Cu F.Paste F.Mask)
      (net 2 GND))
    (pad 2 smd rect (at -1 0.95 90) (size 0.9 0.8) (layers F.Cu F.Paste F.Mask)
      (net 2 GND))
    (pad 3 smd rect (at 1 0 90) (size 0.9 0.8) (layers F.Cu F.Paste F.Mask)
      (net 3 VBUS))
    (model SOT.3dshapes/SOT-23-3.wrl
      (at (xyz 0 0 0))
      (scale (xyz 1 1 1))
      (rotate (xyz 0 0 0))
    )
  )

  (module SOT:SOT-1235 (layer F.Cu) (tedit 60147F74) (tstamp 601AE445)
    (at 157.325 126.475 270)
    (path /601BE4AB)
    (fp_text reference Q101 (at 4.325 4.525 180) (layer F.SilkS)
      (effects (font (size 0.6 0.6) (thickness 0.15)))
    )
    (fp_text value PSMNR70-40SSHJ (at -0.05 -5.9 90) (layer F.SilkS) hide
      (effects (font (size 0.6 0.6) (thickness 0.15)))
    )
    (fp_line (start -4.3053 3.4036) (end -4.3053 -3.4036) (layer F.CrtYd) (width 0.05))
    (fp_line (start -3.8255 3.4036) (end -4.3053 3.4036) (layer F.CrtYd) (width 0.05))
    (fp_line (start -3.8255 4.572) (end -3.8255 3.4036) (layer F.CrtYd) (width 0.05))
    (fp_line (start 3.8255 4.572) (end -3.8255 4.572) (layer F.CrtYd) (width 0.05))
    (fp_line (start 3.8255 3.4036) (end 3.8255 4.572) (layer F.CrtYd) (width 0.05))
    (fp_line (start 4.3053 3.4036) (end 3.8255 3.4036) (layer F.CrtYd) (width 0.05))
    (fp_line (start 4.3053 -3.4036) (end 4.3053 3.4036) (layer F.CrtYd) (width 0.05))
    (fp_line (start 3.8989 -3.4036) (end 4.3053 -3.4036) (layer F.CrtYd) (width 0.05))
    (fp_line (start 3.8989 -4.445) (end 3.8989 -3.4036) (layer F.CrtYd) (width 0.05))
    (fp_line (start -3.8989 -4.445) (end 3.8989 -4.445) (layer F.CrtYd) (width 0.05))
    (fp_line (start -3.8989 -3.4036) (end -3.8989 -4.445) (layer F.CrtYd) (width 0.05))
    (fp_line (start -4.3053 -3.4036) (end -3.8989 -3.4036) (layer F.CrtYd) (width 0.05))
    (fp_line (start -4.00304 -3.2766) (end -4.1783 -3.2766) (layer F.SilkS) (width 0.12))
    (fp_line (start -4.0513 -3.1496) (end -4.0513 3.1496) (layer F.Fab) (width 0.15))
    (fp_line (start 4.0513 -3.1496) (end -4.0513 -3.1496) (layer F.Fab) (width 0.15))
    (fp_line (start 4.0513 3.1496) (end 4.0513 -3.1496) (layer F.Fab) (width 0.15))
    (fp_line (start -4.0513 3.1496) (end 4.0513 3.1496) (layer F.Fab) (width 0.15))
    (fp_line (start -4.1783 -3.2766) (end -4.1783 3.2766) (layer F.SilkS) (width 0.12))
    (fp_line (start 4.1783 -3.2766) (end 4.00304 -3.2766) (layer F.SilkS) (width 0.12))
    (fp_line (start 4.1783 3.2766) (end 4.1783 -3.2766) (layer F.SilkS) (width 0.12))
    (fp_line (start -4.1783 3.2766) (end -3.904239 3.2766) (layer F.SilkS) (width 0.12))
    (fp_line (start 3.904242 3.2766) (end 4.1783 3.2766) (layer F.SilkS) (width 0.12))
    (fp_line (start 1.904241 3.2766) (end 2.095762 3.2766) (layer F.SilkS) (width 0.12))
    (fp_line (start -0.095758 3.2766) (end 0.095761 3.2766) (layer F.SilkS) (width 0.12))
    (fp_line (start -2.095759 3.2766) (end -1.904238 3.2766) (layer F.SilkS) (width 0.12))
    (fp_line (start 3.546101 3.9624) (end 3.546101 3.1496) (layer F.Fab) (width 0.15))
    (fp_line (start 2.453901 3.9624) (end 3.546101 3.9624) (layer F.Fab) (width 0.15))
    (fp_line (start 2.453901 3.1496) (end 2.453901 3.9624) (layer F.Fab) (width 0.15))
    (fp_line (start 3.546101 3.1496) (end 2.453901 3.1496) (layer F.Fab) (width 0.15))
    (fp_line (start 1.546101 3.9624) (end 1.546101 3.1496) (layer F.Fab) (width 0.15))
    (fp_line (start 0.453901 3.9624) (end 1.546101 3.9624) (layer F.Fab) (width 0.15))
    (fp_line (start 0.453901 3.1496) (end 0.453901 3.9624) (layer F.Fab) (width 0.15))
    (fp_line (start 1.546101 3.1496) (end 0.453901 3.1496) (layer F.Fab) (width 0.15))
    (fp_line (start -0.453899 3.9624) (end -0.453899 3.1496) (layer F.Fab) (width 0.15))
    (fp_line (start -1.546099 3.9624) (end -0.453899 3.9624) (layer F.Fab) (width 0.15))
    (fp_line (start -1.546099 3.1496) (end -1.546099 3.9624) (layer F.Fab) (width 0.15))
    (fp_line (start -0.453899 3.1496) (end -1.546099 3.1496) (layer F.Fab) (width 0.15))
    (fp_line (start -2.453899 3.9624) (end -2.453899 3.1496) (layer F.Fab) (width 0.15))
    (fp_line (start -3.546099 3.9624) (end -2.453899 3.9624) (layer F.Fab) (width 0.15))
    (fp_line (start -3.546099 3.1496) (end -3.546099 3.9624) (layer F.Fab) (width 0.15))
    (fp_line (start -2.453899 3.1496) (end -3.546099 3.1496) (layer F.Fab) (width 0.15))
    (fp_text user "Copyright 2016 Accelerated Designs. All rights reserved." (at 0 0 90) (layer Cmts.User) hide
      (effects (font (size 1 1) (thickness 0.15)))
    )
    (pad 1 smd rect (at -2.999999 3.556 270) (size 1.143 1.524) (layers F.Cu F.Paste F.Mask)
      (net 6 "Net-(Q101-Pad1)"))
    (pad 2 smd rect (at -0.999998 3.556 270) (size 1.143 1.524) (layers F.Cu F.Paste F.Mask)
      (net 2 GND))
    (pad 3 smd rect (at 1.000001 3.556 270) (size 1.143 1.524) (layers F.Cu F.Paste F.Mask)
      (net 2 GND))
    (pad 4 smd rect (at 3.000002 3.556 270) (size 1.143 1.524) (layers F.Cu F.Paste F.Mask)
      (net 2 GND))
    (pad 5 smd rect (at 0 -1.2827 270) (size 7.3406 5.8166) (layers F.Cu F.Paste F.Mask)
      (net 5 /CATHODE))
    (model ${KICAD}/3D/NMOS/SOT1235.wrl
      (at (xyz 0 0 0))
      (scale (xyz 1 1 1))
      (rotate (xyz 0 0 0))
    )
    (model ${KICAD_CUSTOM}/3D/NMOS/SOT1235.wrl
      (at (xyz 0 0 0))
      (scale (xyz 1 1 1))
      (rotate (xyz 0 0 0))
    )
  )

  (module Passives:R_0603_Handsolder (layer F.Cu) (tedit 5B301BBD) (tstamp 601AE456)
    (at 154.75 121.2 180)
    (descr "Resistor SMD 0603 (1608 Metric), square (rectangular) end terminal, IPC_7351 nominal with elongated pad for handsoldering. (Body size source: http://www.tortai-tech.com/upload/download/2011102023233369053.pdf), generated with kicad-footprint-generator")
    (tags "resistor handsolder")
    (path /60507F7B)
    (attr smd)
    (fp_text reference R104 (at 2.25 0 90) (layer F.SilkS)
      (effects (font (size 0.6 0.6) (thickness 0.15)))
    )
    (fp_text value RC0603FR-07470RL (at 0 1.43) (layer F.Fab)
      (effects (font (size 1 1) (thickness 0.15)))
    )
    (fp_line (start -0.8 0.4) (end -0.8 -0.4) (layer F.Fab) (width 0.15))
    (fp_line (start -0.8 -0.4) (end 0.8 -0.4) (layer F.Fab) (width 0.15))
    (fp_line (start 0.8 -0.4) (end 0.8 0.4) (layer F.Fab) (width 0.15))
    (fp_line (start 0.8 0.4) (end -0.8 0.4) (layer F.Fab) (width 0.15))
    (fp_line (start -0.171267 -0.51) (end 0.171267 -0.51) (layer F.SilkS) (width 0.12))
    (fp_line (start -0.171267 0.51) (end 0.171267 0.51) (layer F.SilkS) (width 0.12))
    (fp_line (start -1.65 0.73) (end -1.65 -0.73) (layer F.CrtYd) (width 0.05))
    (fp_line (start -1.65 -0.73) (end 1.65 -0.73) (layer F.CrtYd) (width 0.05))
    (fp_line (start 1.65 -0.73) (end 1.65 0.73) (layer F.CrtYd) (width 0.05))
    (fp_line (start 1.65 0.73) (end -1.65 0.73) (layer F.CrtYd) (width 0.05))
    (fp_text user %R (at 0 0) (layer F.Fab)
      (effects (font (size 1 1) (thickness 0.15)))
    )
    (pad 1 smd roundrect (at -0.875 0 180) (size 1.05 0.95) (layers F.Cu F.Paste F.Mask) (roundrect_rratio 0.25)
      (net 7 "Net-(R104-Pad1)"))
    (pad 2 smd roundrect (at 0.875 0 180) (size 1.05 0.95) (layers F.Cu F.Paste F.Mask) (roundrect_rratio 0.25)
      (net 2 GND))
    (model ${KISYS3DMOD}/Resistor_SMD.3dshapes/R_0603_1608Metric.wrl
      (at (xyz 0 0 0))
      (scale (xyz 1 1 1))
      (rotate (xyz 0 0 0))
    )
  )

  (module Passives:R_0603_Handsolder (layer F.Cu) (tedit 5B301BBD) (tstamp 601B0F3D)
    (at 158.625 121.2)
    (descr "Resistor SMD 0603 (1608 Metric), square (rectangular) end terminal, IPC_7351 nominal with elongated pad for handsoldering. (Body size source: http://www.tortai-tech.com/upload/download/2011102023233369053.pdf), generated with kicad-footprint-generator")
    (tags "resistor handsolder")
    (path /60509232)
    (attr smd)
    (fp_text reference R105 (at 2.325 -0.5 90) (layer F.SilkS)
      (effects (font (size 0.6 0.6) (thickness 0.15)))
    )
    (fp_text value RC0603FR-07470RL (at 0 1.43) (layer F.Fab)
      (effects (font (size 1 1) (thickness 0.15)))
    )
    (fp_line (start 1.65 0.73) (end -1.65 0.73) (layer F.CrtYd) (width 0.05))
    (fp_line (start 1.65 -0.73) (end 1.65 0.73) (layer F.CrtYd) (width 0.05))
    (fp_line (start -1.65 -0.73) (end 1.65 -0.73) (layer F.CrtYd) (width 0.05))
    (fp_line (start -1.65 0.73) (end -1.65 -0.73) (layer F.CrtYd) (width 0.05))
    (fp_line (start -0.171267 0.51) (end 0.171267 0.51) (layer F.SilkS) (width 0.12))
    (fp_line (start -0.171267 -0.51) (end 0.171267 -0.51) (layer F.SilkS) (width 0.12))
    (fp_line (start 0.8 0.4) (end -0.8 0.4) (layer F.Fab) (width 0.15))
    (fp_line (start 0.8 -0.4) (end 0.8 0.4) (layer F.Fab) (width 0.15))
    (fp_line (start -0.8 -0.4) (end 0.8 -0.4) (layer F.Fab) (width 0.15))
    (fp_line (start -0.8 0.4) (end -0.8 -0.4) (layer F.Fab) (width 0.15))
    (fp_text user %R (at 0 0) (layer F.Fab)
      (effects (font (size 1 1) (thickness 0.15)))
    )
    (pad 1 smd roundrect (at -0.875 0) (size 1.05 0.95) (layers F.Cu F.Paste F.Mask) (roundrect_rratio 0.25)
      (net 8 "Net-(R105-Pad1)"))
    (pad 2 smd roundrect (at 0.875 0) (size 1.05 0.95) (layers F.Cu F.Paste F.Mask) (roundrect_rratio 0.25)
      (net 5 /CATHODE))
    (model ${KISYS3DMOD}/Resistor_SMD.3dshapes/R_0603_1608Metric.wrl
      (at (xyz 0 0 0))
      (scale (xyz 1 1 1))
      (rotate (xyz 0 0 0))
    )
  )

  (module Connectors_sg:SMD_1POS_8MM (layer F.Cu) (tedit 601B117A) (tstamp 601B8EA4)
    (at 146.725 107.4)
    (path /601CD7CA)
    (fp_text reference P101 (at 0 5.3) (layer F.SilkS) hide
      (effects (font (size 0.6 0.6) (thickness 0.15)))
    )
    (fp_text value SMD_1POS_8MM (at 0 -5.1) (layer F.Fab)
      (effects (font (size 1 1) (thickness 0.15)))
    )
    (fp_line (start -4.1 -4.1) (end 4.1 -4.1) (layer F.CrtYd) (width 0.05))
    (fp_line (start 4.1 -4.1) (end 4.1 4.1) (layer F.CrtYd) (width 0.05))
    (fp_line (start 4.1 4.1) (end -4.1 4.1) (layer F.CrtYd) (width 0.05))
    (fp_line (start -4.1 4.1) (end -4.1 -4.1) (layer F.CrtYd) (width 0.05))
    (pad 1 smd rect (at 0 0) (size 8 8) (layers F.Cu F.Paste F.Mask)
      (net 3 VBUS))
  )

  (module Connectors_sg:SMD_1POS_8MM (layer F.Cu) (tedit 601B117A) (tstamp 601B8EAD)
    (at 166.225 124.5)
    (path /601CA5BF)
    (fp_text reference P102 (at 0 5.3) (layer F.SilkS) hide
      (effects (font (size 0.6 0.6) (thickness 0.15)))
    )
    (fp_text value SMD_1POS_8MM (at 0 -5.1) (layer F.Fab)
      (effects (font (size 1 1) (thickness 0.15)))
    )
    (fp_line (start -4.1 4.1) (end -4.1 -4.1) (layer F.CrtYd) (width 0.05))
    (fp_line (start 4.1 4.1) (end -4.1 4.1) (layer F.CrtYd) (width 0.05))
    (fp_line (start 4.1 -4.1) (end 4.1 4.1) (layer F.CrtYd) (width 0.05))
    (fp_line (start -4.1 -4.1) (end 4.1 -4.1) (layer F.CrtYd) (width 0.05))
    (pad 1 smd rect (at 0 0) (size 8 8) (layers F.Cu F.Paste F.Mask)
      (net 5 /CATHODE))
  )

  (module Connectors_sg:SMD_1POS_8MM (layer F.Cu) (tedit 601B117A) (tstamp 601B8EB6)
    (at 166.225 107.4)
    (path /601CC9B9)
    (fp_text reference P103 (at 0 5.3) (layer F.SilkS) hide
      (effects (font (size 0.6 0.6) (thickness 0.15)))
    )
    (fp_text value SMD_1POS_8MM (at 0 -5.1) (layer F.Fab)
      (effects (font (size 1 1) (thickness 0.15)))
    )
    (fp_line (start -4.1 4.1) (end -4.1 -4.1) (layer F.CrtYd) (width 0.05))
    (fp_line (start 4.1 4.1) (end -4.1 4.1) (layer F.CrtYd) (width 0.05))
    (fp_line (start 4.1 -4.1) (end 4.1 4.1) (layer F.CrtYd) (width 0.05))
    (fp_line (start -4.1 -4.1) (end 4.1 -4.1) (layer F.CrtYd) (width 0.05))
    (pad 1 smd rect (at 0 0) (size 8 8) (layers F.Cu F.Paste F.Mask)
      (net 3 VBUS))
  )

  (module Connectors_sg:SMD_1POS_8MM (layer F.Cu) (tedit 601B117A) (tstamp 601B8EBF)
    (at 146.725 127)
    (path /601CBBF2)
    (fp_text reference P104 (at 0 5.3) (layer F.SilkS) hide
      (effects (font (size 0.6 0.6) (thickness 0.15)))
    )
    (fp_text value SMD_1POS_8MM (at 0 -5.1) (layer F.Fab)
      (effects (font (size 1 1) (thickness 0.15)))
    )
    (fp_line (start -4.1 -4.1) (end 4.1 -4.1) (layer F.CrtYd) (width 0.05))
    (fp_line (start 4.1 -4.1) (end 4.1 4.1) (layer F.CrtYd) (width 0.05))
    (fp_line (start 4.1 4.1) (end -4.1 4.1) (layer F.CrtYd) (width 0.05))
    (fp_line (start -4.1 4.1) (end -4.1 -4.1) (layer F.CrtYd) (width 0.05))
    (pad 1 smd rect (at 0 0) (size 8 8) (layers F.Cu F.Paste F.Mask)
      (net 2 GND))
  )

  (module MountingHoles_sg:MountingHole_2.5mm_Pad_Via (layer F.Cu) (tedit 6008FBDA) (tstamp 601CF0A5)
    (at 164.8 115.9)
    (descr "Mounting Hole 2.5mm")
    (tags "mounting hole 2.5mm")
    (path /601D12DF)
    (attr virtual)
    (fp_text reference P107 (at 0 -3.5) (layer F.SilkS) hide
      (effects (font (size 1 1) (thickness 0.15)))
    )
    (fp_text value MH_1POS_2.5MM (at 0 3.5) (layer F.Fab)
      (effects (font (size 1 1) (thickness 0.15)))
    )
    (fp_circle (center 0 0) (end 2.05 0) (layer Cmts.User) (width 0.15))
    (fp_circle (center 0 0) (end 2.075 0) (layer F.CrtYd) (width 0.05))
    (fp_text user %R (at 0.3 0) (layer F.Fab)
      (effects (font (size 1 1) (thickness 0.15)))
    )
    (pad 1 thru_hole circle (at 1.2065 -1.143) (size 0.8 0.8) (drill 0.5) (layers *.Cu *.Mask)
      (net 2 GND))
    (pad 1 thru_hole circle (at 0 -1.651) (size 0.8 0.8) (drill 0.5) (layers *.Cu *.Mask)
      (net 2 GND))
    (pad 1 thru_hole circle (at -1.143 -1.2065) (size 0.8 0.8) (drill 0.5) (layers *.Cu *.Mask)
      (net 2 GND))
    (pad 1 thru_hole circle (at -1.651 0) (size 0.8 0.8) (drill 0.5) (layers *.Cu *.Mask)
      (net 2 GND))
    (pad 1 thru_hole circle (at -1.143 1.2065) (size 0.8 0.8) (drill 0.5) (layers *.Cu *.Mask)
      (net 2 GND))
    (pad 1 thru_hole circle (at 0 1.651) (size 0.8 0.8) (drill 0.5) (layers *.Cu *.Mask)
      (net 2 GND))
    (pad 1 thru_hole circle (at 1.143 1.2065) (size 0.8 0.8) (drill 0.5) (layers *.Cu *.Mask)
      (net 2 GND))
    (pad 1 thru_hole circle (at 1.651 0) (size 0.8 0.8) (drill 0.5) (layers *.Cu *.Mask)
      (net 2 GND))
    (pad 1 thru_hole circle (at 0 0) (size 4 4) (drill 2.5) (layers *.Cu *.Mask)
      (net 2 GND))
  )

  (module MountingHoles_sg:MountingHole_2.5mm_Pad_Via (layer F.Cu) (tedit 6008FBDA) (tstamp 601CF8F1)
    (at 147.5 118.2)
    (descr "Mounting Hole 2.5mm")
    (tags "mounting hole 2.5mm")
    (path /601E6BCF)
    (attr virtual)
    (fp_text reference P108 (at 0 -3.5) (layer F.SilkS) hide
      (effects (font (size 1 1) (thickness 0.15)))
    )
    (fp_text value MH_1POS_2.5MM (at 0 3.5) (layer F.Fab)
      (effects (font (size 1 1) (thickness 0.15)))
    )
    (fp_circle (center 0 0) (end 2.05 0) (layer Cmts.User) (width 0.15))
    (fp_circle (center 0 0) (end 2.075 0) (layer F.CrtYd) (width 0.05))
    (fp_text user %R (at 0.3 0) (layer F.Fab)
      (effects (font (size 1 1) (thickness 0.15)))
    )
    (pad 1 thru_hole circle (at 1.2065 -1.143) (size 0.8 0.8) (drill 0.5) (layers *.Cu *.Mask)
      (net 2 GND))
    (pad 1 thru_hole circle (at 0 -1.651) (size 0.8 0.8) (drill 0.5) (layers *.Cu *.Mask)
      (net 2 GND))
    (pad 1 thru_hole circle (at -1.143 -1.2065) (size 0.8 0.8) (drill 0.5) (layers *.Cu *.Mask)
      (net 2 GND))
    (pad 1 thru_hole circle (at -1.651 0) (size 0.8 0.8) (drill 0.5) (layers *.Cu *.Mask)
      (net 2 GND))
    (pad 1 thru_hole circle (at -1.143 1.2065) (size 0.8 0.8) (drill 0.5) (layers *.Cu *.Mask)
      (net 2 GND))
    (pad 1 thru_hole circle (at 0 1.651) (size 0.8 0.8) (drill 0.5) (layers *.Cu *.Mask)
      (net 2 GND))
    (pad 1 thru_hole circle (at 1.143 1.2065) (size 0.8 0.8) (drill 0.5) (layers *.Cu *.Mask)
      (net 2 GND))
    (pad 1 thru_hole circle (at 1.651 0) (size 0.8 0.8) (drill 0.5) (layers *.Cu *.Mask)
      (net 2 GND))
    (pad 1 thru_hole circle (at 0 0) (size 4 4) (drill 2.5) (layers *.Cu *.Mask)
      (net 2 GND))
  )

  (gr_text "By: Steven Guzman" (at 157 110.25) (layer B.SilkS) (tstamp 6009163D)
    (effects (font (size 0.6 0.6) (thickness 0.15)) (justify mirror))
  )
  (gr_text simple-ee.com (at 157 109.25) (layer B.SilkS) (tstamp 60091639)
    (effects (font (size 0.6 0.6) (thickness 0.15)) (justify mirror))
  )
  (gr_text 20210204_Projects_IdealDiode_A2_00003 (at 157 108.25) (layer B.SilkS)
    (effects (font (size 0.6 0.6) (thickness 0.15)) (justify mirror))
  )
